1 3 3 3
1 1 5 1
1 4 5 4
1 2 4 1
1 2 3 4
1 5 1 4
1 3 4 1
1 1 2 2
1 3 4 5
1 4 4 3
1 2 4 5
1 1 3 5
1 5 2 3
1 2 4 4
1 5 4 1
1 4 3 1
1 3 4 2
1 2 5 3
1 1 2 4
1 5 5 5
1 2 5 1
1 3 2 2
1 4 3 2
1 3 5 2
1 3 1 3
1 1 1 1
1 4 1 5
1 5 3 1
1 1 4 3
1 5 3 2
1 4 3 3
1 1 2 5
1 1 1 5
1 4 1 1
1 2 1 5
1 1 4 4
1 3 2 2
1 1 4 2
1 4 4 5
1 4 2 5
1 1 3 4
1 2 5 2
1 5 5 3
1 4 3 1
1 2 5 2
1 5 5 4
1 4 2 1
1 5 2 3
1 4 4 3
1 5 2 5
1 3 3 2
1 1 5 2
1 1 1 4
1 2 5 1
1 5 1 2
1 3 2 4
1 3 3 3
1 5 3 5
1 2 3 3
1 4 1 3
1 2 3 5
1 5 5 4
1 1 3 2
1 2 4 2
1 5 1 1
1 3 1 5
1 4 1 2
1 5 2 5
1 2 2 4
1 3 5 5
1 5 1 4
1 1 5 4
1 2 4 5
1 3 5 4
1 1 1 3
1 4 5 4
1 3 5 5
1 1 5 1
1 1 4 3
1 2 2 5
1 3 1 3
1 3 1 2
1 2 2 2
1 1 1 3
1 3 1 2
1 1 1 3
1 4 3 1
1 5 1 1
1 5 2 3
1 2 2 3
1 5 1 5
1 2 1 3
1 4 5 5
1 1 1 5
1 2 4 2
1 4 3 2
1 3 2 3
1 1 5 2
1 5 5 4
2 11 12 10
2 10 10 12
2 10 14 11
2 12 15 12
2 13 15 10
2 11 15 12
2 11 13 11
2 11 11 14
2 13 14 15
2 15 13 14
2 13 15 15
2 12 14 13
2 14 13 15
2 15 13 15
2 11 10 15
2 15 10 15
2 12 11 10
2 13 14 10
2 13 14 15
2 15 14 11
2 14 11 14
2 11 15 13
2 13 15 12
2 15 13 13
2 14 13 12
2 12 15 14
2 14 11 11
2 11 15 10
2 15 11 11
2 11 13 11
2 12 14 15
2 12 13 10
2 11 10 15
2 10 10 11
2 13 15 15
2 15 15 14
2 14 14 10
2 11 12 10
2 13 12 12
2 11 11 15
2 11 12 14
2 14 14 11
2 13 13 14
2 12 12 14
2 14 14 12
2 15 11 15
2 11 10 15
2 10 13 12
2 14 12 14
2 14 13 12
2 15 15 12
2 11 10 11
2 13 14 12
2 14 10 11
2 11 12 14
2 14 15 11
2 12 15 12
2 12 11 14
2 10 13 13
2 15 14 11
2 12 12 13
2 12 11 10
2 12 14 10
2 11 13 13
2 11 14 11
2 11 15 12
2 15 10 13
2 11 11 14
2 12 14 12
2 15 10 13
2 14 13 13
2 10 15 13
2 10 10 11
2 10 11 10
2 12 12 12
2 13 14 15
2 15 15 12
2 11 13 14
2 13 15 11
2 13 15 15
2 12 15 15
2 14 12 11
2 12 10 14
2 11 12 14
2 12 12 13
2 13 11 11
2 15 15 15
2 12 12 13
2 12 10 13
2 15 12 15
2 11 14 13
2 11 11 10
2 13 14 14
2 10 10 13
2 12 11 14
2 13 12 14
2 14 15 14
2 10 14 12
2 15 10 12
3 23 22 19
3 21 23 23
3 23 23 22
3 24 24 21
3 23 23 20
3 21 24 21
3 19 18 21
3 20 21 21
3 19 21 20
3 19 18 24
3 19 20 18
3 20 23 24
3 21 22 23
3 21 23 19
3 24 24 21
3 21 23 19
3 21 22 21
3 23 24 21
3 19 23 20
3 18 20 19
3 18 18 20
3 20 18 21
3 18 21 24
3 20 24 22
3 19 20 19
3 23 20 21
3 18 19 21
3 24 20 20
3 19 19 19
3 23 21 21
3 21 20 24
3 21 21 24
3 24 19 20
3 18 24 18
3 19 18 21
3 23 22 24
3 24 21 21
3 18 24 19
3 18 18 20
3 22 18 21
3 18 23 19
3 18 21 21
3 19 22 21
3 24 20 18
3 23 22 19
3 21 22 21
3 20 23 18
3 22 20 21
3 21 21 19
3 22 19 20
3 20 24 23
3 18 18 22
3 20 18 23
3 20 23 24
3 18 20 22
3 20 24 24
3 24 22 24
3 19 22 19
3 23 18 18
3 22 20 24
3 21 21 18
3 24 23 18
3 21 21 24
3 19 18 24
3 18 22 22
3 19 22 22
3 23 24 23
3 23 24 21
3 19 23 24
3 20 22 21
3 22 23 22
3 21 22 20
3 19 24 23
3 22 22 18
3 22 20 18
3 24 18 24
3 24 23 20
3 20 24 18
3 20 23 23
3 20 22 23
3 21 18 22
3 22 22 21
3 19 24 21
3 24 23 20
3 21 21 19
3 18 19 22
3 19 23 22
3 19 19 24
3 24 19 24
3 19 18 20
3 19 23 18
3 20 18 22
3 20 22 23
3 21 23 22
3 24 24 22
3 20 24 18
3 24 21 21
3 24 18 23
3 19 23 24
